0.556091777
0.627936637
0.69195796
0.659843792
0.578545633
0.653389925
0.564859189
0.687989001
0.402396289
0.569897385
0.488360735
0.631272391
0.434211581
0.661863317
0.606064234
0.61917564
0.533077802
0.59420758
0.41752954
0.451382803
0.532459992
0.677214176
0.649178565
0.653309502
0.640515279
0.626618765
0.627354974
0.610163502
0.489299587
0.617424088
0.418255156
0.624537245
0.513236588
0.367056893
0.608402834
0.493319569
0.503266841
0.645936285
0.591156958
0.620308761
0.4254008
0.579924493
0.383687241
0.648640709
0.680366079
0.583280682
0.667213517
0.643605554
0.703268881
0.574046564
0.542731178
0.444076463
0.586538694
0.592760833
0.422401401
0.58093917
0.630974231
0.611895426
0.594116222
0.650430182
0.575892547
0.365538943
0.580751873
0.655457414
0.574105059
0.688578584
0.546231719
0.573772441
0.606490899
0.654445912
0.595674225
0.484138737
0.491659882
0.568220347
0.597447907
0.618647583
0.664459403
0.603078878
0.585556361
0.416858896
0.588176362
0.631692096
0.619469505
0.588201661
0.601160365
0.590477385
0.599543618
0.667423684
0.68835515
0.63544419
0.642666862
0.60550968
0.475283057
0.580044384
0.634271805
0.516836054
0.58669999
0.562774857
0.597630362
0.657197156
0.629682732
0.645403184
0.561681478
0.61044345
0.738209256
0.48690431
0.563252376
0.596670515
0.54498978
0.419499825
0.517708246
0.638737692
0.403001372
0.354951297
0.661323427
0.630429865
0.426590052
0.573683444
0.587448157
0.661003708
0.673161521
0.59759954
0.599772059
0.60950688
0.655392072
0.488484391
0.606283176
0.644827217
0.632511356
0.418413728
0.598332143
0.505294919
0.611127432
0.547338236
0.454754752
0.652506093
0.595866743
0.617833346
0.620399406
0.717405019
0.671930128
0.554089023
0.460035687
0.590921047
0.617029745
0.59378101
0.572074887
0.392997337
0.584724866
0.609669236
0.616512337
0.568212294
0.445003578
0.562729288
0.599596433
0.455327146
0.613171936
0.643731032
0.515670256
0.611738644
0.728970844
0.550277142
0.444058445
0.563129516
0.590463891
0.420227277
0.628007606
0.489563758
0.602772464
0.61256696
0.579080766
0.471337858
0.404307641
0.624841466
0.544927725
0.636730827
0.660371096
0.647642395
0.64244789
0.440211253
0.60866146
0.50785056
0.695647928
0.46506259
0.466145621
0.615885423
0.546477639
0.597243592
0.661202227
0.609148651
0.668870064
0.612397764
0.720596509
0.724200119
0.560703594
0.641947325
0.545999855
0.659439533
0.474909216
0.660423133
0.60115713
0.605503363
0.628397829
0.560507148
0.67407408
0.551220912
0.4525621
0.587874343
0.618694336
0.571501724
0.486721209
0.490243961
0.493854689
0.665236407
0.621358627
0.613515213
0.463036231
0.446681036
0.601167826
0.573380331
0.626824673
0.457955558
0.611195317
0.419406865
0.556907515
0.625324086
0.598059536
0.595191803
0.630704336
0.678808045
0.613352971
0.609633123
0.591443929
0.627919096
0.687399849
0.581778289
0.393497925
0.437774727
0.600079529
0.560718948
0.464006413
0.439926792
0.621973166
0.459759093
0.348184926
0.580043395
0.595910879
0.594413411
0.69514316
0.597846512
0.698337973
0.620824914
0.575065159
0.608026202
0.632115098
0.568622241
0.572571754
0.656059623
0.502235762
0.428050962
0.408491256
0.563840281
0.634787585
0.62710663
0.653817338
0.613248386
0.702809812
0.641085252
0.557954147
0.632855344
0.60602622
0.566417886
0.631500264
0.599062857
0.558279236
0.556594818
0.59235092
0.527003112
0.494700392
0.421365945
0.590523929
0.601611201
0.561243685
0.643245454
0.510403244
0.622302755
0.64715027
0.493504432
0.619027841
0.641322888
0.641902989
0.609652449
0.562314624
0.628941251
0.612565981
0.554397172
0.66976613
0.467934537
0.552520072
0.624680925
0.618757537
0.64230609
0.606195339
0.466883659
0.431685267
0.636188179
0.614268461
0.625605539
0.674251403
0.632662866
0.645218498
0.515601304
0.553099252
0.387361983
0.620127398
0.603962374
0.345801047
0.412225478
0.499079896
0.540715915
0.615245828
0.601607581
0.56931097
0.55922718
0.606698503
0.516164304
0.502022838
0.605781108
0.546812671
0.47128168
0.564564496
0.430169978
0.619419094
0.60846032
0.649174144
0.616041345
0.499009778
0.524962858
0.458782912
0.621136827
0.493309526
0.662137262
0.500202713
0.62699963
0.573428701
0.622852539
0.59829636
0.623181562
0.552599168
0.635646005
0.583994437
0.685695181
0.594900059
0.592704286
0.646198198
0.587210275
0.529260539
0.583746096
0.564347074
0.631821465
0.454790126
0.34113712
0.611465007
0.484190448
0.640953519
0.658562269
0.620097411
0.609338785
0.60548969
0.620695988
0.554179512
0.535810717
0.381412264
0.599101652
0.578689954
0.652501091
0.651021236
0.633908369
0.698389324
0.452992183
0.463673027
0.659425636
0.621261264
0.39695855
0.470443809
0.551871664
0.62814518
0.497885751
0.58220686
0.424499863
0.633365941
0.59110571
0.472836314
0.378344029
0.486378727
0.713192929
0.66469818
0.593498702
0.47321797
0.585205941
0.528735569
0.523490982
0.599120423
0.661641845
0.468554049
0.463479587
0.650413576
0.558290745
0.574040525
0.664865602
0.634779093
0.700460429
0.489327953
0.725325976
0.625807893
0.657083294
0.519014119
0.591027228
0.676566503
0.627217238
0.722726073
0.424924276
0.411194303
0.596860987
0.598614818
0.694768025
0.604434234
0.701938845
0.63634501
0.686263691
0.646118222
0.551789035
0.449664274
0.563724923
0.618000177
0.674822389
0.570766102
0.529282419
0.604057407
0.593223557
0.630025248
0.618045511
0.62131445
0.653183419
0.406307625
0.673166352
0.630904
0.618677658
0.61052719
0.647516185
0.624530121
0.596852968
0.444899737
0.502901757
0.710323196
0.611679804
0.667790942
0.31752547
0.561907008
0.666300895
0.724849328
0.642288033
0.465171618
0.485985826
0.608418654
0.533535111
0.648711289
0.572988499
0.565274849
0.607761388
0.442848421
0.407063226
0.55926627
0.593137708
0.531238365
0.600293577
0.620254875
0.627654652
0.718775415
0.715095598
0.719752598
0.608904889
0.589074135
0.631705854
0.613553787
0.51701737
0.603927145
0.57678425
0.434141308
0.589352929
0.512876082
0.609679208
0.428684624
0.68889555
0.586657171
0.694280853
0.685299143
0.610757237
0.627332776
0.553482091
0.638955748
0.617604574
0.400891743
0.538584505
0.572729115
0.454558329
0.372588864
0.374839596
0.51309548
0.557772917
0.553359693
0.576459634
0.570499911
0.639546931
0.456273187
0.475060123
0.484759942
0.620719296
0.492735445
0.474942525
0.430040193
0.440027536
0.45945813
0.508695565
0.425232286
0.535740176
0.50924379
0.492443922
0.598646913
0.455302788
0.508494542
0.538917851
0.513810402
0.630188672
0.381076205
0.490687868
0.479785049
0.576282564
0.535950032
0.36517272
0.508896038
0.493684801
0.411246041
0.445599026
0.564093791
0.430675698
0.634249511
0.353658966
0.27946801
0.591334164
0.609508948
0.336100373
0.383011674
0.39049753
0.586357793
0.658863553
0.661437923
0.397272846
0.556682327
0.487741823
0.376713802
0.568952997
0.393341364
0.63104872
0.655696957
0.609711738
0.5944038
0.436579931
0.591651386
0.389884465
0.429028877
0.584344661
0.410741043
0.455704087
0.56590818
0.663628268
0.408054468
0.568682841
0.590493909
0.36438196
0.416651724
0.584838134
0.463863324
0.622757221
0.362211445
0.668928471
0.486673925
0.624145165
0.644990873
0.605682898
0.590852215
0.625738795
0.608092871
0.608226363
0.59125082
0.628980243
0.438364714
0.552727826
0.40303835
0.555406883
0.363393745
0.567645021
0.635115074
0.579149299
0.583910531
0.584576839
0.319624322
0.393784048
0.567979655
0.395130354
0.545582723
0.375286753
0.61421483
0.364199917
0.446714447
0.360317788
0.615505485
0.422917908
0.582582643
0.630052235
0.595869614
0.406153201
0.606252809
0.376270766
0.444787467
0.568374546
0.44878199
0.445930625
0.391503825
0.411813736
0.63814267
0.336442189
0.391021787
0.400418428
0.455070106
0.606008346
0.473601807
0.648022973
0.631494598
0.396090675
0.380777777
0.586421667
0.465164316
0.619928298
0.431044844
0.56029899
0.437595186
0.379127179
0.573310893
0.530934201
0.400460704
0.560850679
0.421570866
0.55934068
0.540868823
0.617527654
0.427978007
0.563184004
0.585201813
0.668305839
0.63190764
0.443632314
0.43742987
0.632010959
0.557325877
0.602942427
0.364455639
0.573487632
0.64632011
0.562669478
0.624069816
0.367689468
0.621726809
0.547284691
0.472715377
0.403438041
0.55687877
0.548408613
0.457066618
0.620240911
0.568575486
0.368686695
0.393962694
0.675182367
0.619295762
0.400254611
0.451295391
0.594244285
0.649729483
0.645054942
0.384695655
0.55661055
0.516850427
0.556246793
0.605591467
0.594135275
0.494263029
0.598602957
0.642652965
0.591979007
0.363393745
0.567645021
0.635115074
0.579149299
0.583910531
0.584576839
0.319624322
0.393784048
0.567979655
0.395130354
0.545582723
0.375286753
0.61421483
0.364199917
0.446714447
0.360317788
0.615505485
0.422917908
0.582582643
0.630052235
0.595869614
0.406153201
0.606252809
0.376270766
0.444787467
0.568374546
0.44878199
0.445930625
0.391503825
0.411813736
0.63814267
0.336442189
0.391021787
0.400418428
0.455070106
0.606008346
0.473601807
0.648022973
0.631494598
0.396090675
0.380777777
0.586421667
0.465164316
0.619928298
0.431044844
0.56029899
0.437595186
0.379127179
0.573310893
0.530934201
0.400460704
0.560850679
0.421570866
0.55934068
0.540868823
0.617527654
0.427978007
0.563184004
0.585201813
0.668305839
0.63190764
0.443632314
0.43742987
0.632010959
0.557325877
0.602942427
0.364455639
0.573487632
0.64632011
0.562669478
0.624069816
0.367689468
0.621726809
0.547284691
0.472715377
0.403438041
0.55687877
0.548408613
0.457066618
0.620240911
0.568575486
0.368686695
0.393962694
0.675182367
0.619295762
0.400254611
0.451295391
0.594244285
0.649729483
0.645054942
0.384695655
0.55661055
0.516850427
0.556246793
0.605591467
0.594135275
0.494263029
0.598602957
0.642652965
0.591979007
0.616543656
0.602510768
0.39640171
0.610930349
0.696759808
0.684997998
0.628293417
0.516239449
0.712282738
0.623938522
0.675952375
0.48324879
0.53599068
0.553996897
0.401087678
0.603204454
0.514337091
0.501882074
0.430999078
0.564359104
0.624317304
0.542356465
0.562104485
0.458292053
0.622570213
0.567827671
0.458973244
0.574001526
0.598659258
0.387578813
0.618596877
0.607950677
0.577783446
0.578038132
0.660815282
0.423613982
0.581171469
0.623082663
0.622793353
0.537171681
0.366342947
0.438094863
0.592701727
0.542403095
0.574232783
0.663308431
0.425463088
0.678182815
0.463068484
0.510787426
0.665154293
0.61090223
0.641391788
0.648292082
0.62421627
0.583531185
0.583618591
0.6233291
0.619503938
0.60840925
0.400294057
0.602595062
0.650066698
0.42948802
0.662637817
0.626455601
0.406933419
0.559905176
0.39552006
0.540654647
0.568419854
0.604292208
0.666920379
0.601080416
0.628834539
0.635857952
0.4476274
0.608303821
0.617536272
0.594961456
0.641724112
0.629912508
0.574590124
0.605381228
0.627587289
0.583267228
0.606173734
0.559577357
0.625630119
0.715746678
0.536157493
0.62709626
0.636557642
0.611203656
0.528009239
0.584432265
0.36895245
0.66006277
0.61642619
0.605278196
0.639847533
0.600530732
0.596525543
0.377380897
0.621701281
0.455807045
0.659626336
0.579683541
0.673950932
0.555253974
0.627199419
0.344265996
0.560701373
0.408304785
0.650558073
0.651558173
0.549941496
0.391760318
0.552003293
0.602081035
0.467444883
0.587347841
0.480035539
0.64992726
0.572646018
0.537669396
0.404625167
0.728027844
0.409382065
0.625105423
0.57553314
0.629939103
0.372055641
0.53959169
0.588863672
0.556556987
0.531662727
0.558217022
0.537465089
0.604575216
0.636917907
0.427588101
0.565553401
0.666552617
0.439907571
0.600477607
0.667325228
0.675665381
0.449647568
0.614008845
0.612517575
0.470096353
0.58797385
0.610608886
0.55095936
0.515096977
0.577448945
0.432041383
0.602806477
0.577698854
0.402412388
0.611964184
0.669108637
0.641577402
0.644083953
0.628504978
0.639123936
0.439258098
0.634218059
0.45753562
0.549213419
0.446717313
0.556678007
0.57311854
0.632128676
0.610204864
0.46409992
0.601842196
0.64797094
0.571231057
0.618937484
0.693778038
0.614679251
0.625963952
0.423308126
0.548745512
0.603861503
0.450847848
0.548393444
0.687130915
0.379935853
0.44165123
0.645799615
0.532918628
0.565819407
0.759394179
0.698507284
0.418249417
0.604135617
0.621556096
0.457626523
0.444381857
0.467114586
0.577463296
0.387517945
0.455238111
0.477766954
0.47497546
0.484647749
0.331200317
0.432023226
0.481148081
0.490821467
0.50833231
0.477620921
0.421141831
0.49263736
0.54378831
0.519497447
0.475653739
0.470091116
0.55741928
0.521860342
0.4626946
0.482366817
0.510122874
0.564444837
0.58066188
0.46499337
0.39816645
0.364083326
0.545441056
0.471193942
0.374364481
0.574670501
0.492143915
0.446511679
0.501655553
0.434592123
0.490680015
0.401802204
0.441993475
0.472030056
0.427952062
0.481974711
0.612464182
0.493560531
0.51117057
0.480886765
0.415318891
0.455790188
0.464325555
0.476080297
0.469130095
0.542685287
0.504165306
0.394879375
0.489375017
0.508595391
0.386750851
0.562671787
0.365812146
0.49675721
0.412121983
0.422213594
0.383746434
0.452117523
0.447375189
0.575929708
0.495799307
0.427965291
0.400820226
0.30972181
0.426377417
0.609351038
0.448542675
0.522896052
0.536671059
0.454967345
0.511597839
0.381270067
0.519419016
0.407954589
0.499653079
0.447916948
0.435940734
0.432154359
0.387825274
0.40528075
0.484631094
0.40239193
0.476823229
0.467520528
0.464191891
0.404068884
0.551264169
0.430221137
0.510095169
0.478856289
0.594223084
0.586711939
0.442418378
0.629446412
0.437737363
0.565332801
0.497004908
0.628329627
0.61120295
0.491557286
0.627423428
0.708465303
0.668846059
0.468942672
0.668110163
0.418355802
0.643512864
0.528622338
0.653363601
0.546331993
0.389584475
0.584390065
0.648001927
0.636020169
0.672491081
0.644810509
0.592568367
0.599625899
0.67428241
0.664509284
0.676999317
0.591245076
0.555697554
0.698531232
0.659230274
0.465860824
0.596280929
0.372245838
0.662139422
0.641092196
0.408989444
0.581400545
0.620873069
0.623308588
0.631844111
0.60465545
0.596401218
0.640995017
0.475202424
0.420909818
0.397592992
0.570543425
0.421239493
0.634018371
0.606961198
0.454486505
0.409909344
0.437349011
0.592649433
0.607656734
0.593397034
0.645387964
0.624540848
0.449108244
0.675734737
0.614549243
0.678517462
0.582718224
0.463284407
0.430747847
0.570404004
0.648239976
0.594616494
0.37192036
0.5807288
0.479158028
0.63843685
0.540565497
0.50108588
0.421398669
0.609501958
0.709589018
0.679255729
0.604106773
0.620426133
0.489920579
0.583846389
0.441363335
0.429333694
0.555096395
0.612486637
0.566866352
0.341401584
0.593669933
0.565307698
0.44830851
0.557731206
0.569321523
0.559048919
0.535035466
0.629346878
0.43244822
0.629269399
0.480354434
0.462988117
0.488607966
0.594508845
0.614256604
0.588260745
0.627031963
0.445201332
0.46486673
0.640988034
0.422858382
0.324263732
0.403518302
0.420326301
0.444639206
0.536944901
0.477954813
0.617968148
0.596308175
0.384453344
0.617488537
0.58853336
0.641444291
0.575185982
0.553799748
0.527679642
0.609346573
0.40055681
0.322578588
0.384133481
0.557684655
0.618896657
0.380111185
0.415557362
0.561827661
0.679213799
0.50851107
0.662563047
0.681294625
0.387758006
0.495445417
0.670846894
0.462545251
0.578205964
0.641550372
0.3734717
0.532406797
0.436299851
0.411474705
0.511189428
0.406781884
0.567372926
0.383938524
0.398615811
0.407099173
0.59621772
0.601326623
0.523731899
0.402886334
0.523621479
0.59367208
0.570307988
0.56012645
0.639024142
0.509685752
0.645271825
0.625386668
0.444992551
0.572683838
0.544349403
0.600825646
0.457842534
0.626208508
0.404281516
0.560708863
0.660886126
0.615423595
0.442430002
0.607913343
0.608571552
0.599484968
0.438949797
0.428454332
0.577976656
0.671107645
0.564444769
0.632091762
0.454090707
0.404750333
0.402358
0.561682094
0.433199116
0.548969601
0.632092153
0.456785821
0.590703514
0.620526107
0.425167856
0.655805403
0.609546435
0.556711969
0.38076975
0.438590573
0.556465673
0.358806701
0.552011591
0.682352637
0.61868111
0.46205099
0.642735869
0.39986063
0.397188582
0.705562566
0.646548492
0.560167298
0.479198493
0.450385248
0.535702364
0.542520138
0.635555263
0.488022704
0.414845303
0.405712632
0.456629789
0.641898334
0.650732229
0.656036908
0.712235131
0.423984709
0.532640194
0.645546095
0.543786304
0.365483752
0.392558282
0.444886791
0.583710266
0.38876413
0.538904101
0.570695276
0.598376505
0.430660561
0.431831879
0.634898071
0.752006623
0.603983488
0.676543194
0.641367258
0.639986262
0.404350602
0.402240067
0.403854035
0.641887006
0.629705469
0.57900903
0.424981042
0.69714484
0.635092145
0.448522377
0.631892736
0.461845679
0.637230348
0.624584516
0.599185538
0.61808979
0.402511129
0.621545924
0.483709612
0.560721236
0.433701264
0.360937885
0.454645162
0.378247756
0.634531736
0.440459231
0.372274047
0.619956887
0.40305895
0.566092081
0.575151324
0.383888252
0.407630066
0.673582201
0.682876784
0.61212122
0.360935903
0.601696213
0.558694522
0.437431153
0.641875599
0.431788682
0.561730535
0.359371777
0.548953164
0.435053702
0.656475869
0.700456201
0.570413094
0.597038852
0.599206609
0.562000937
0.651531312
0.42438046
0.568508456
0.414127975
0.477789152
0.416954316
0.599762838
0.633507428
0.608857707
0.449150848
0.40574701
0.620108394
0.633424872
0.591716296
0.553293133
0.649592535
0.640033003
0.63131656
0.608216056
0.505146188
0.571780442
0.407792852
0.576960122
0.50489527
0.40068312
0.531648933
0.60182021
0.685293822
0.628212811
0.630353323
0.619334164
0.631541551
0.584566552
0.615409919
0.600261479
0.416068219
0.567429376
0.586242978
0.62463504
0.399489574
0.445727695
0.618183671
0.608142612
0.673094274
0.691079765
0.649658185
0.617158716
0.385553538
0.66898725
0.60567432
0.392683249
0.576271938
0.631802457
0.577890152
0.604241931
0.702804524
0.594032708
0.616477015
0.559557636
0.534579629
0.441964445
0.597691516
0.572124982
0.458086996
0.635477774
0.437068928
0.633770916
0.646944498
0.626564511
0.632718056
0.690767992
0.454456232
0.668231756
0.640999656
0.600198169
0.717937886
0.535318557
0.640799128
0.594693413
0.693233529
0.597976068
0.621073152
0.691699303
0.362022819
0.460270358
0.418717092
0.606633903
0.587615083
0.595539479
0.61069228
0.610563448
0.482304257
0.736989796
0.672314654
0.684885464
0.459253139
0.665817884
0.411585935
0.489498321
0.402274415
0.359482091
0.311189942
0.42642386
0.41605949
0.359421769
0.414473477
0.468107885
0.364571037
0.448048143
0.448380492
0.296603166
0.424579214
0.332343018
0.315581721
0.416003783
0.351863344
0.349684877
0.408616383
0.414009726
0.347433839
0.432948248
0.373587864
0.34069735
0.376937091
0.371832302
0.32381381
0.398073596
0.407627903
0.419170226
0.428753776
0.461503605
0.513574829
0.553167157
0.520918368
0.461447588
0.407643241
0.434266292
0.470521826
0.463585167
0.431551386
0.401778194
0.553238107
0.496589181
0.439258655
0.415192378
0.486352748
0.490737081
0.41500867
0.460509554
0.473882529
0.421323861
0.517773397
0.39886453
0.383157512
0.445911212
0.491605162
0.495416289
0.480474946
0.458554318
0.421103889
0.413279153
0.367242978
0.432750447
0.496689807
0.479734758
0.44506154
0.392936402
0.389567804
0.544282788
0.432052099
0.352462913
0.403317463
0.429277364
0.386864047
0.451763686
0.463682184
0.451620994
0.49835561
0.461734532
0.492636599
0.426965238
0.401738813
0.392879078
0.399762618
0.414307992
0.384170388
0.438790658
0.425933016
0.363334834
0.463255741
0.44395611
0.491112293
0.379477388
0.454051354
0.481586258
0.355692505
0.374173599
0.562026247
0.629576165
0.351707985
0.374064746
0.560110153
0.541065159
0.342713845
0.567645899
0.449682604
0.644121638
0.372146551
0.584589582
0.636009419
0.595540838
0.532456055
0.617038539
0.550449399
0.433568906
0.586302049
0.336547624
0.535540529
0.584594402
0.533995303
0.650456074
0.556586836
0.581138535
0.539224863
0.622604095
0.450790834
0.638211374
0.564289564
0.477930764
0.635955739
0.330025818
0.315743309
0.557827179
0.358255519
0.54854727
0.627645865
0.425789331
0.6950792
0.363282785
0.421429033
0.589110419
0.591944051
0.59883427
0.471083277
0.367033115
0.597778061
0.385287678
0.572945514
0.410721911
0.588019881
0.587656995
0.546407076
0.582966048
0.639638507
0.576419036
0.587428871
0.516445825
0.431230076
0.519161075
0.325192035
0.462947506
0.596092167
0.590481311
0.392335609
0.600028063
0.570823313
0.525673715
0.689050874
0.670364514
0.478261374
0.40522993
0.521239747
0.595049294
0.399869399
0.58765265
0.600936052
0.616322128
0.458387908
0.331012687
0.637406802
0.374177643
0.676506595
0.629730703
0.370874583
0.535207501
0.607173877
0.675264257
0.453661159
0.466470679
0.620935547
0.574733533
0.6089968
0.356848663
0.413904891
0.590621763
0.426628953
0.617631766
0.416613493
0.60007028
0.699771505
0.590835032
0.561578511
0.399520011
0.710821759
0.585912331
0.641601353
0.568489941
0.624166787
0.649136298
0.622349706
0.564662834
0.622355213
0.584889247
0.595202039
0.371225755
0.446548715
0.403216988
0.512064055
0.600196537
0.580336139
0.502475822
0.593427943
0.368293537
0.648207051
0.40248458
0.575449893
0.558228758
0.368932397
0.431347194
0.568956825
0.378372839
0.553708593
0.520125726
0.545861217
0.563479648
0.566244709
0.513006153
0.518018378
0.574852063
0.591204544
0.386899611
0.537254889
0.59827759
0.552259648
0.585484534
0.489099966
0.669694212
0.573475364
0.572262076
0.361376652
0.575487087
0.529448213
0.55818525
0.606809242
0.59300149
0.683858132
0.608017669
0.387235258
0.429513123
0.581020445
0.394595517
0.590900716
0.603832431
0.493921032
0.629652635
0.606810979
0.382690753
0.576665611
0.439073402
0.430680454
0.440895284
0.578528871
0.627984929
0.620990924
0.537868147
0.590473364
0.65812284
0.47096209
0.438787673
0.502499457
0.676509674
0.646982337
0.704692321
0.424080167
0.467800237
0.622602326
0.469684768
0.666522724
0.636685715
0.443178653
0.399498805
0.590144642
0.577698896
0.592933454
0.378746954
0.623611419
0.43023388
0.475816241
0.675892696
0.585110121
0.498881546
0.557942281
0.648015016
0.406259012
0.600680257
0.556105901
0.574187029
0.674204781
0.590298886
0.5986407
0.540318874
0.577451407
0.648211872
0.542774548
0.62670112
0.573465297
0.409802106
0.378114676
0.552108469
0.581380767
0.390538814
0.435434355
0.610271124
0.59791946
0.65106754
0.585003755
0.464279138
0.429050494
0.346693912
0.496855111
0.361690247
0.537862355
0.526109706
0.568391032
0.534278853
0.582944205
0.581519737
0.427322394
0.588452795
0.57197878
0.611036358
0.650981511
0.533299892
0.538668983
0.577694972
0.624964969
0.623779328
0.588419707
0.638693296
0.627335806
0.399370641
0.354623488
0.566285766
0.613872733
0.54095552
0.38767825
0.375810708
0.569943107
0.435357985
0.40538453
0.655501346
0.589662833
0.414429701
0.584931886
0.596809758
0.698286549
0.382500114
0.353137514
0.355491502
0.553792362
0.605636215
0.482063061
0.455380272
0.393697186
0.424420927
0.554810284
0.455525735
0.573711705
0.581464446
0.650191766
0.580529066
0.715384681
0.399865534
0.594241637
0.61201897
0.668785987
0.393060145
0.355884857
0.389399999
0.640609219
0.629218355
0.40266307
0.521408438
0.614229606
0.608439112
0.577200756
0.651311965
0.614931949
0.529189794
0.631176661
0.424866425
0.527688111
0.501495549
0.41266398
0.654020065
0.416851649
0.342244406
0.397234734
0.639496706
0.645232532
0.598327024
0.559943647
0.436080713
0.453254493
0.605900902
0.591936294
0.46928386
0.643696078
0.399754091
0.427281276
0.61492474
0.609024514
0.417277237
0.595669178
0.68213916
0.679731043
0.605029681
0.67941004
0.601501614
0.490067774
0.401744169
0.630303541
0.598320702
0.374081075
0.680678978
0.580765886
0.590674626
0.60522669
0.58838997
0.590541379
0.625611055
0.632213606
0.609903862
0.654280399
0.624515511
0.642327351
0.420741692
0.419233436
0.45720819
0.567575533
0.497522618
0.589211544
0.550040128
0.6952726
0.590139814
0.587175334
0.613666781
0.383154681
0.454503236
0.468465107
0.668375864
0.489199194
0.606764057
0.620693416
0.434946337
0.556042966
0.470127328
0.654431013
0.584281511
0.485454582
0.453591407
0.58678192
0.596931262
0.611906026
0.60004588
0.709785583
0.439613633
0.581220244
0.48060283
0.595594141
0.480142747
0.663378363
0.452519892
0.585632824
0.508448824
0.437331022
0.580747961
0.459424015
0.637446058
0.700729168
0.588003122
0.595039056
0.377755121
0.6241923
0.392102883
0.57226602
0.58544617