0.457626523
0.444381857
0.467114586
0.577463296
0.387517945
0.455238111
0.477766954
0.47497546
0.484647749
0.331200317
0.432023226
0.481148081
0.490821467
0.50833231
0.477620921
0.421141831
0.49263736
0.54378831
0.519497447
0.475653739
0.470091116
0.55741928
0.521860342
0.4626946
0.482366817
0.510122874
0.564444837
0.58066188
0.46499337
0.39816645
0.364083326
0.545441056
0.471193942
0.374364481
0.574670501
0.492143915
0.446511679
0.501655553
0.434592123
0.490680015
0.401802204
0.441993475
0.472030056
0.427952062
0.481974711
0.612464182
0.493560531
0.51117057
0.480886765
0.415318891
0.455790188
0.464325555
0.476080297
0.469130095
0.542685287
0.504165306
0.394879375
0.489375017
0.508595391
0.386750851
0.562671787
0.365812146
0.49675721
0.412121983
0.422213594
0.383746434
0.452117523
0.447375189
0.575929708
0.495799307
0.427965291
0.400820226
0.30972181
0.426377417
0.609351038
0.448542675
0.522896052
0.536671059
0.454967345
0.511597839
0.381270067
0.519419016
0.407954589
0.499653079
0.447916948
0.435940734
0.432154359
0.387825274
0.40528075
0.484631094
0.40239193
0.476823229
0.467520528
0.464191891
0.404068884
0.551264169
0.430221137
0.510095169
0.478856289
0.594223084
0.586711939
0.442418378
0.629446412
0.437737363
0.565332801
0.497004908
0.628329627
0.61120295
0.491557286
0.627423428
0.708465303
0.668846059
0.468942672
0.668110163
0.418355802
0.643512864
0.528622338
0.653363601
0.546331993
0.389584475
0.584390065
0.648001927
0.636020169
0.672491081
0.644810509
0.592568367
0.599625899
0.67428241
0.664509284
0.676999317
0.591245076
0.555697554
0.698531232
0.659230274
0.465860824
0.596280929
0.372245838
0.662139422
0.641092196
0.408989444
0.581400545
0.620873069
0.623308588
0.631844111
0.60465545
0.596401218
0.640995017
0.475202424
0.420909818
0.397592992
0.570543425
0.421239493
0.634018371
0.606961198
0.454486505
0.409909344
0.437349011
0.592649433
0.607656734
0.593397034
0.645387964
0.624540848
0.449108244
0.675734737
0.614549243
0.678517462
0.582718224
0.463284407
0.430747847
0.570404004
0.648239976
0.594616494
0.37192036
0.5807288
0.479158028
0.63843685
0.540565497
0.50108588
0.421398669
0.609501958
0.709589018
0.679255729
0.604106773
0.620426133
0.489920579
0.583846389
0.441363335
0.429333694
0.555096395
0.612486637
0.566866352
0.341401584
0.593669933
0.565307698
0.44830851
0.557731206
0.569321523
0.559048919
0.535035466
0.629346878
0.43244822
0.629269399
0.480354434
0.462988117
0.488607966
0.594508845
0.614256604
0.588260745
0.627031963
0.445201332
0.46486673
0.640988034
0.422858382
0.324263732
0.403518302
0.420326301
0.444639206
0.536944901
0.477954813
0.617968148
0.596308175
0.384453344
0.617488537
0.58853336
0.641444291
0.575185982
0.553799748
0.527679642
0.609346573
0.40055681
0.322578588
0.384133481
0.557684655
0.618896657
0.380111185
0.415557362
0.561827661
0.679213799
0.50851107
0.662563047
0.681294625
0.387758006
0.495445417
0.670846894
0.462545251
0.578205964
0.641550372
0.3734717
0.532406797
0.436299851
0.411474705
0.511189428
0.406781884
0.567372926
0.383938524
0.398615811
0.407099173
0.59621772
0.601326623
0.523731899
0.402886334
0.523621479
0.59367208
0.570307988
0.56012645
0.639024142
0.509685752
0.645271825
0.625386668
0.444992551
0.572683838
0.544349403
0.600825646
0.457842534
0.626208508
0.404281516
0.560708863
0.660886126
0.615423595
0.442430002
0.607913343
0.608571552
0.599484968
0.438949797
0.428454332
0.577976656
0.671107645
0.564444769
0.632091762
0.454090707
0.404750333
0.402358
0.561682094
0.433199116
0.548969601
0.632092153
0.456785821
0.590703514
0.620526107
0.425167856
0.655805403
0.609546435
0.556711969
0.38076975
0.438590573
0.556465673
0.358806701
0.552011591
0.682352637
0.61868111
0.46205099
0.642735869
0.39986063
0.397188582
0.705562566
0.646548492
0.560167298
0.479198493
0.450385248
0.535702364
0.542520138
0.635555263
0.488022704
0.414845303
0.405712632
0.456629789
0.641898334
0.650732229
0.656036908
0.712235131
0.423984709
0.532640194
0.645546095
0.543786304
0.365483752
0.392558282
0.444886791
0.583710266
0.38876413
0.538904101
0.570695276
0.598376505
0.430660561
0.431831879
0.634898071
0.752006623
0.603983488
0.676543194
0.641367258
0.639986262
0.404350602
0.402240067
0.403854035
0.641887006
0.629705469
0.57900903
0.424981042
0.69714484
0.635092145
0.448522377
0.631892736
0.461845679
0.637230348
0.624584516
0.599185538
0.61808979
0.402511129
0.621545924
0.483709612
0.560721236
0.433701264
0.360937885
0.454645162
0.378247756
0.634531736
0.440459231
0.372274047
0.619956887
0.40305895
0.566092081
0.575151324
0.383888252
0.407630066
0.673582201
0.682876784
0.61212122
0.360935903
0.601696213
0.558694522
0.437431153
0.641875599
0.431788682
0.561730535
0.359371777
0.548953164
0.435053702
0.656475869
0.700456201
0.570413094
0.597038852
0.599206609
0.562000937
0.651531312
0.42438046
0.568508456
0.414127975
0.477789152
0.416954316
0.599762838
0.633507428
0.608857707
0.449150848
0.40574701
0.620108394
0.633424872
0.591716296
0.553293133
0.649592535
0.640033003
0.63131656
0.608216056
0.505146188
0.571780442
0.407792852
0.576960122
0.50489527
0.40068312
0.531648933
0.60182021
0.685293822
0.628212811
0.630353323
0.619334164
0.631541551
0.584566552
0.615409919
0.600261479
0.416068219
0.567429376
0.586242978
0.62463504
0.399489574
0.445727695
0.618183671
0.608142612
0.673094274
0.691079765
0.649658185
0.617158716
0.385553538
0.66898725
0.60567432
0.392683249
0.576271938
0.631802457
0.577890152
0.604241931
0.702804524
0.594032708
0.616477015
0.559557636
0.534579629
0.441964445
0.597691516
0.572124982
0.458086996
0.635477774
0.437068928
0.633770916
0.646944498
0.626564511
0.632718056
0.690767992
0.454456232
0.668231756
0.640999656
0.600198169
0.717937886
0.535318557
0.640799128
0.594693413
0.693233529
0.597976068
0.621073152
0.691699303
0.362022819
0.460270358
0.418717092
0.606633903
0.587615083
0.595539479
0.61069228
0.610563448
0.482304257
0.736989796
0.672314654
0.684885464
0.459253139
0.665817884
0.533350216