0.397325909
0.403614975
0.355514671
0.378516455
0.4037883
0.360705556
0.461704563
0.434160702
0.386177158
0.408324208
0.383318008
0.407393177
0.406010129
0.348902069
0.375962608
0.393168157
0.407486346
0.387098925
0.374207465
0.369965757
0.344527406
0.340188753
0.380528471
0.386122508
0.395244065
0.414889737
0.362462939
0.360359508
0.284520807
0.394390976
0.2831927
0.290273675
0.315675068
0.280181454
0.350593458
0.287456822
0.33675658
0.364899707
0.361339607
0.348909142
0.382497453
0.398394957
0.434367396
0.483815914
0.497434799
0.413326667
0.464749755
0.426357278
0.47722641
0.428578782
0.480873764
0.451916205
0.530874214
0.437577027
0.512457021
0.459360005
0.50495505
0.461023708
0.439985279
0.488393514
0.430516848
0.484508882
0.455825878
0.46441885
0.429575496
0.487435284
0.475534798
0.456397952
0.499868674
0.46059145
0.43720509
0.479145252
0.402878569
0.415487482
0.364434866
0.388972741
0.458961742
0.486465868
0.429327419
0.443484776
0.436513113
0.417438066
0.367706061
0.518328098
0.525777521
0.498378669
0.473297927
0.444057959
0.419813874
0.418985092
0.453571891
0.482949573
0.502291481
0.426314222
0.422963387
0.545321629
0.414820641
0.49648321
0.484264346
0.491993232
Average: 0.42092331627999985