0.638955748
0.617604574
0.400891743
0.538584505
0.572729115
0.454558329
0.372588864
0.374839596
0.51309548
0.557772917
0.553359693
0.576459634
0.570499911
0.639546931
0.456273187
0.475060123
0.484759942
0.620719296
0.492735445
0.474942525
0.430040193
0.440027536
0.45945813
0.508695565
0.425232286
0.535740176
0.50924379
0.492443922
0.598646913
0.455302788
0.508494542
0.538917851
0.513810402
0.630188672
0.381076205
0.490687868
0.479785049
0.576282564
0.535950032
0.36517272
0.508896038
0.493684801
0.411246041
0.445599026
0.564093791
0.430675698
0.634249511
0.353658966
0.27946801
0.591334164
0.609508948
0.336100373
0.383011674
0.39049753
0.586357793
0.658863553
0.661437923
0.397272846
0.556682327
0.487741823
0.376713802
0.568952997
0.393341364
0.63104872
0.655696957
0.609711738
0.5944038
0.436579931
0.591651386
0.389884465
0.429028877
0.584344661
0.410741043
0.455704087
0.56590818
0.663628268
0.408054468
0.568682841
0.590493909
0.36438196
0.416651724
0.584838134
0.463863324
0.622757221
0.362211445
0.668928471
0.486673925
0.624145165
0.644990873
0.605682898
0.590852215
0.625738795
0.608092871
0.608226363
0.59125082
0.628980243
0.438364714
0.552727826
0.40303835
0.555406883
0.363393745
0.567645021
0.635115074
0.579149299
0.583910531
0.584576839
0.319624322
0.393784048
0.567979655
0.395130354
0.545582723
0.375286753
0.61421483
0.364199917
0.446714447
0.360317788
0.615505485
0.422917908
0.582582643
0.630052235
0.595869614
0.406153201
0.606252809
0.376270766
0.444787467
0.568374546
0.44878199
0.445930625
0.391503825
0.411813736
0.63814267
0.336442189
0.391021787
0.400418428
0.455070106
0.606008346
0.473601807
0.648022973
0.631494598
0.396090675
0.380777777
0.586421667
0.465164316
0.619928298
0.431044844
0.56029899
0.437595186
0.379127179
0.573310893
0.530934201
0.400460704
0.560850679
0.421570866
0.55934068
0.540868823
0.617527654
0.427978007
0.563184004
0.585201813
0.668305839
0.63190764
0.443632314
0.43742987
0.632010959
0.557325877
0.602942427
0.364455639
0.573487632
0.64632011
0.562669478
0.624069816
0.367689468
0.621726809
0.547284691
0.472715377
0.403438041
0.55687877
0.548408613
0.457066618
0.620240911
0.568575486
0.368686695
0.393962694
0.675182367
0.619295762
0.400254611
0.451295391
0.594244285
0.649729483
0.645054942
0.384695655
0.55661055
0.516850427
0.556246793
0.605591467
0.594135275
0.494263029
0.598602957
0.642652965
0.591979007
0.363393745
0.567645021
0.635115074
0.579149299
0.583910531
0.584576839
0.319624322
0.393784048
0.567979655
0.395130354
0.545582723
0.375286753
0.61421483
0.364199917
0.446714447
0.360317788
0.615505485
0.422917908
0.582582643
0.630052235
0.595869614
0.406153201
0.606252809
0.376270766
0.444787467
0.568374546
0.44878199
0.445930625
0.391503825
0.411813736
0.63814267
0.336442189
0.391021787
0.400418428
0.455070106
0.606008346
0.473601807
0.648022973
0.631494598
0.396090675
0.380777777
0.586421667
0.465164316
0.619928298
0.431044844
0.56029899
0.437595186
0.379127179
0.573310893
0.530934201
0.400460704
0.560850679
0.421570866
0.55934068
0.540868823
0.617527654
0.427978007
0.563184004
0.585201813
0.668305839
0.63190764
0.443632314
0.43742987
0.632010959
0.557325877
0.602942427
0.364455639
0.573487632
0.64632011
0.562669478
0.624069816
0.367689468
0.621726809
0.547284691
0.472715377
0.403438041
0.55687877
0.548408613
0.457066618
0.620240911
0.568575486
0.368686695
0.393962694
0.675182367
0.619295762
0.400254611
0.451295391
0.594244285
0.649729483
0.645054942
0.384695655
0.55661055
0.516850427
0.556246793
0.605591467
0.594135275
0.494263029
0.598602957
0.642652965
0.591979007
0.616543656
0.602510768
0.39640171
0.610930349
0.696759808
0.684997998
0.628293417
0.516239449
0.712282738
0.623938522
0.675952375
0.48324879
0.53599068
0.553996897
0.401087678
0.603204454
0.514337091
0.501882074
0.430999078
0.564359104
0.624317304
0.542356465
0.562104485
0.458292053
0.622570213
0.567827671
0.458973244
0.574001526
0.598659258
0.387578813
0.618596877
0.607950677
0.577783446
0.578038132
0.660815282
0.423613982
0.581171469
0.623082663
0.622793353
0.537171681
0.366342947
0.438094863
0.592701727
0.542403095
0.574232783
0.663308431
0.425463088
0.678182815
0.463068484
0.510787426
0.665154293
0.61090223
0.641391788
0.648292082
0.62421627
0.583531185
0.583618591
0.6233291
0.619503938
0.60840925
0.400294057
0.602595062
0.650066698
0.42948802
0.662637817
0.626455601
0.406933419
0.559905176
0.39552006
0.540654647
0.568419854
0.604292208
0.666920379
0.601080416
0.628834539
0.635857952
0.4476274
0.608303821
0.617536272
0.594961456
0.641724112
0.629912508
0.574590124
0.605381228
0.627587289
0.583267228
0.606173734
0.559577357
0.625630119
0.715746678
0.536157493
0.62709626
0.636557642
0.611203656
0.528009239
0.584432265
0.36895245
0.66006277
0.61642619
0.605278196
0.639847533
0.600530732
0.596525543
0.377380897
0.621701281
0.455807045
0.659626336
0.579683541
0.673950932
0.555253974
0.627199419
0.344265996
0.560701373
0.408304785
0.650558073
0.651558173
0.549941496
0.391760318
0.552003293
0.602081035
0.467444883
0.587347841
0.480035539
0.64992726
0.572646018
0.537669396
0.404625167
0.728027844
0.409382065
0.625105423
0.57553314
0.629939103
0.372055641
0.53959169
0.588863672
0.556556987
0.531662727
0.558217022
0.537465089
0.604575216
0.636917907
0.427588101
0.565553401
0.666552617
0.439907571
0.600477607
0.667325228
0.675665381
0.449647568
0.614008845
0.612517575
0.470096353
0.58797385
0.610608886
0.55095936
0.515096977
0.577448945
0.432041383
0.602806477
0.577698854
0.402412388
0.611964184
0.669108637
0.641577402
0.644083953
0.628504978
0.639123936
0.439258098
0.634218059
0.45753562
0.549213419
0.446717313
0.556678007
0.57311854
0.632128676
0.610204864
0.46409992
0.601842196
0.64797094
0.571231057
0.618937484
0.693778038
0.614679251
0.625963952
0.423308126
0.548745512
0.603861503
0.450847848
0.548393444
0.687130915
0.379935853
0.44165123
0.645799615
0.532918628
0.565819407
0.759394179
0.698507284
0.418249417
0.604135617
0.621556096