0.411585935
0.489498321
0.402274415
0.359482091
0.311189942
0.42642386
0.41605949
0.359421769
0.414473477
0.468107885
0.364571037
0.448048143
0.448380492
0.296603166
0.424579214
0.332343018
0.315581721
0.416003783
0.351863344
0.349684877
0.408616383
0.414009726
0.347433839
0.432948248
0.373587864
0.34069735
0.376937091
0.371832302
0.32381381
0.398073596
0.407627903
0.419170226
0.428753776
0.461503605
0.513574829
0.553167157
0.520918368
0.461447588
0.407643241
0.434266292
0.470521826
0.463585167
0.431551386
0.401778194
0.553238107
0.496589181
0.439258655
0.415192378
0.486352748
0.490737081
0.41500867
0.460509554
0.473882529
0.421323861
0.517773397
0.39886453
0.383157512
0.445911212
0.491605162
0.495416289
0.480474946
0.458554318
0.421103889
0.413279153
0.367242978
0.432750447
0.496689807
0.479734758
0.44506154
0.392936402
0.389567804
0.544282788
0.432052099
0.352462913
0.403317463
0.429277364
0.386864047
0.451763686
0.463682184
0.451620994
0.49835561
0.461734532
0.492636599
0.426965238
0.401738813
0.392879078
0.399762618
0.414307992
0.384170388
0.438790658
0.425933016
0.363334834
0.463255741
0.44395611
0.491112293
0.379477388
0.454051354
0.481586258
0.355692505
0.374173599
0.562026247
0.629576165
0.351707985
0.374064746
0.560110153
0.541065159
0.342713845
0.567645899
0.449682604
0.644121638
0.372146551
0.584589582
0.636009419
0.595540838
0.532456055
0.617038539
0.550449399
0.433568906
0.586302049
0.336547624
0.535540529
0.584594402
0.533995303
0.650456074
0.556586836
0.581138535
0.539224863
0.622604095
0.450790834
0.638211374
0.564289564
0.477930764
0.635955739
0.330025818
0.315743309
0.557827179
0.358255519
0.54854727
0.627645865
0.425789331
0.6950792
0.363282785
0.421429033
0.589110419
0.591944051
0.59883427
0.471083277
0.367033115
0.597778061
0.385287678
0.572945514
0.410721911
0.588019881
0.587656995
0.546407076
0.582966048
0.639638507
0.576419036
0.587428871
0.516445825
0.431230076
0.519161075
0.325192035
0.462947506
0.596092167
0.590481311
0.392335609
0.600028063
0.570823313
0.525673715
0.689050874
0.670364514
0.478261374
0.40522993
0.521239747
0.595049294
0.399869399
0.58765265
0.600936052
0.616322128
0.458387908
0.331012687
0.637406802
0.374177643
0.676506595
0.629730703
0.370874583
0.535207501
0.607173877
0.675264257
0.453661159
0.466470679
0.620935547
0.574733533
0.6089968
0.356848663
0.413904891
0.590621763
0.426628953
0.617631766
0.416613493
0.60007028
0.699771505
0.590835032
0.561578511
0.399520011
0.710821759
0.585912331
0.641601353
0.568489941
0.624166787
0.649136298
0.622349706
0.564662834
0.622355213
0.584889247
0.595202039
0.371225755
0.446548715
0.403216988
0.512064055
0.600196537
0.580336139
0.502475822
0.593427943
0.368293537
0.648207051
0.40248458
0.575449893
0.558228758
0.368932397
0.431347194
0.568956825
0.378372839
0.553708593
0.520125726
0.545861217
0.563479648
0.566244709
0.513006153
0.518018378
0.574852063
0.591204544
0.386899611
0.537254889
0.59827759
0.552259648
0.585484534
0.489099966
0.669694212
0.573475364
0.572262076
0.361376652
0.575487087
0.529448213
0.55818525
0.606809242
0.59300149
0.683858132
0.608017669
0.387235258
0.429513123
0.581020445
0.394595517
0.590900716
0.603832431
0.493921032
0.629652635
0.606810979
0.382690753
0.576665611
0.439073402
0.430680454
0.440895284
0.578528871
0.627984929
0.620990924
0.537868147
0.590473364
0.65812284
0.47096209
0.438787673
0.502499457
0.676509674
0.646982337
0.704692321
0.424080167
0.467800237
0.622602326
0.469684768
0.666522724
0.636685715
0.443178653
0.399498805
0.590144642
0.577698896
0.592933454
0.378746954
0.623611419
0.43023388
0.475816241
0.675892696
0.585110121
0.498881546
0.557942281
0.648015016
0.406259012
0.600680257
0.556105901
0.574187029
0.674204781
0.590298886
0.5986407
0.540318874
0.577451407
0.648211872
0.542774548
0.62670112
0.573465297
0.409802106
0.378114676
0.552108469
0.581380767
0.390538814
0.435434355
0.610271124
0.59791946
0.65106754
0.585003755
0.464279138
0.429050494
0.346693912
0.496855111
0.361690247
0.537862355
0.526109706
0.568391032
0.534278853
0.582944205
0.581519737
0.427322394
0.588452795
0.57197878
0.611036358
0.650981511
0.533299892
0.538668983
0.577694972
0.624964969
0.623779328
0.588419707
0.638693296
0.627335806
0.399370641
0.354623488
0.566285766
0.613872733
0.54095552
0.38767825
0.375810708
0.569943107
0.435357985
0.40538453
0.655501346
0.589662833
0.414429701
0.584931886
0.596809758
0.698286549
0.382500114
0.353137514
0.355491502
0.553792362
0.605636215
0.482063061
0.455380272
0.393697186
0.424420927
0.554810284
0.455525735
0.573711705
0.581464446
0.650191766
0.580529066
0.715384681
0.399865534
0.594241637
0.61201897
0.668785987
0.393060145
0.355884857
0.389399999
0.640609219
0.629218355
0.40266307
0.521408438
0.614229606
0.608439112
0.577200756
0.651311965
0.614931949
0.529189794
0.631176661
0.424866425
0.527688111
0.501495549
0.41266398
0.654020065
0.416851649
0.342244406
0.397234734
0.639496706
0.645232532
0.598327024
0.559943647
0.436080713
0.453254493
0.605900902
0.591936294
0.46928386
0.643696078
0.399754091
0.427281276
0.61492474
0.609024514
0.417277237
0.595669178
0.68213916
0.679731043
0.605029681
0.67941004
0.601501614
0.490067774
0.401744169
0.630303541
0.598320702
0.374081075
0.680678978
0.580765886
0.590674626
0.60522669
0.58838997
0.590541379
0.625611055
0.632213606
0.609903862
0.654280399
0.624515511
0.642327351
0.420741692
0.419233436
0.45720819
0.567575533
0.497522618
0.589211544
0.550040128
0.6952726
0.590139814
0.587175334
0.613666781
0.383154681
0.454503236
0.468465107
0.668375864
0.489199194
0.606764057
0.620693416
0.434946337
0.556042966
0.470127328
0.654431013
0.584281511
0.485454582
0.453591407
0.58678192
0.596931262
0.611906026
0.60004588
0.709785583
0.439613633
0.581220244
0.48060283
0.595594141
0.480142747
0.663378363
0.452519892
0.585632824
0.508448824
0.437331022
0.580747961
0.459424015
0.637446058
0.700729168
0.588003122
0.595039056
0.377755121
0.6241923
0.392102883
0.57226602
0.58544617