741
741
5579
741
741
2761
2817
741
741
741
741
519
559
278
2188
519
519
519
741
519
741
519
519
519
519
519
519
519
519
519
741
741
741
741
741
741
741
519
741
3688
878
878
278
2188
878
878
741
741
741
741
741
741
741
741
741
741
278
741
741
741
741
741
741
741
741
741
741
278
941
278
278
278
741
278
278
741
741
741
741
2053
741
741
741
940
940
741
741
278
878
4872
741
741
741
741
741
2637
741
741
741
741
741
278
941
4872
741
4165
741
741
741
741
741
741
741
741
741
4603
926
878
6145
878
878
741
741
741
741
741
741
741
741
741
741
2817
878
878
741
741
741
741
741
741
19014
741
741
741
741
519
741
741
741
741
741
741
741
741
741
741
2637
519
741
741
741
741
741
741
741
741
741
741
519
519
878
519
519
519
519
519
519
1304
1027
741
741
2606
941
941
878
741
741
741
741
741
741
741
741
940
940
741
741
741
670
741
741
741
741
741
741
741
278
8772
2593
2817
4649
8028
741
741
741
741
741
741
741
741
741
741
878
741
741
741
741
741
741
741
741
878
741
3533
741
941
4038
741
741
741
741
741
741
741
741
741
612
5273
554
750
6014
8025
11289
941
278
741
741
741
741
741
741
741
741
741
741
278
2637
278
941
878
741
741
741
741
741
741
741
878
741
741
878
741
278
741
741
741
741
741
741
741
1955
741
741
741
278
278
741
612
941
941
612
741
741
741
741
741
741
741
741
741
878
940
741
741
519
741
741
519
741
741
878
1642
741
741
741
741
519
519
519
519
519
2495
519
878
741
741
741
741
741
519
741
741
741
741
741
519
878
519
519
519
519
1629
741
741
741
741
741
741
741
741
741
741
878
1223
878
741
741
741
741
741
741
741
741
741
741
741
741
741
741
278
4687
8926
4603
278
878
741
741
741
741
741
741
741
741
741
741
4236
878
1073
878
8775
4872
741
741
741
741
741
741
741
741
741
741
1336
278
741
741
741
741
741
741
741
741
741
741
878
4019
941
941
741
878
741
741
741
741
741
741
741
741
741
3863
878
741
741
878
3838
741
878
741
741
741
741
741
741
741
2817
539
278
278
926
750
278
941
941
6789
741
741
741
741
878
519
741
519
519
741
741
741
741
741
519
13683
741
741
741
741
741
741
741
741
741
519
11200
741
519
519
878
741
741
741
741
741
741
741
741
741
741
519
519
878
519
519
941
941
741
741
741
741
741
741
741
278
278
741
741
741
878
741
741
2145
741
750
741
741
741
741
741
741
741
1597
278
878
741
741
741
741
741
741
878
741
741
741
741
4603
1302
741
741
741
741
741
4818
878
278
278
278
741
878
741
741
741
2637
741
878
878
878
1955
878
4635
741
741
741
741
741
741
741
741
741
741
12939
576
741
741
741
741
741
741
741
741
741
741
741
741
278
741
878
741
741
741
741
741
2637
4730
324
878
741
941
741
1164
741
741
741
741
741
741
741
741
741
741
741
519
519
519
519
519
519
519
18363
741
741
741
741
741
741
741
741
741
519
519
519
519
519
519
519
519
519
519
519
519
741
741
741
741
741
741
741
741
741
741
2593
741
741
4655
741
4818
741
2503
741
741
741
741
741
741
2637
741
4818
741
941
741
741
741
741
741
741
741
741
278
941
741
741
741
741
741
741
741
741
741
741
878
741
741
741
741
741
741
741
741
741
741
278
741
2716
741
741
741
741
741
741
741
741
324
741
5873
941
878
878
4567
2637
741
741
741
741
741
741
741
278
741
941
941
741
741
878
741
741
741
741
741
741
741
741
741
741
750
741
741
940
741
741
741
741
741
741
741
741
941
3218
741
741
878
741
519
741
741
741
741
741
741
741
741
741
741
741
741
741
741
741
741
741
878
519
519
519
519
519
519
6428
519
6428
519
519
519
741
741
741
741
741
741
741
741
741
324
741
519
519
519
519
519
1164
878
878
18363
878
741
741
741
741
741
741
741
741
741
741
941
741
741
878
741
741
741
741
741
741
741
741
6784
741
741
741
741
741
741
741
878
741
4635
741
741
878
878
878
878
4650
278
278
278
741
741
741
741
741
741
741
741
741
741
940
741
741
741
741
741
741
741
741
741
741
878
741
741
741
741
741
741
941
741
941
750
741
741
741
878
741
741
741
741
741
741
741
741
741
741
878
741
741
941
878
519
741
741
741
741
741
741
741
741
741
741
519
519
519
519
519
519
519
519
519
519
519
519
9195
941
741
278
741
878
878
741
4872
741
741
878
741
741
576
741
8775
741
741
9268
324
878
741
741
741
741
741
741
741
741
741
741
941
941
1164
741
741
741
741
741
741
741
741
741
741
18363
741
741
741
741
741
741
741
741
741
741
2637
878
941
878
8564
618
878
741
741
741
741
741
741
3331
576
741
878
741
3169
741
741
881
278
878
8564
3169
741
741
741
741
741
741
741
741
741
741
878
741
741
741
741
741
741
741
741
741
741
878
4637
741
741
741
741
0
741
741
741
741
741
878
741
278
878
422
941
741
741
741
741
741
741
741
741
2637
741
741
878
741
741
741
741
741
741
741
741
741
741
741
741
741
741
741
741
741
741
741
878
741
941
878
3394
8482
741
741
741
741
741
741
741
741
741
741
878
741
519
741
741
741
741
741
741
741
741
741
519
878
519
519
519
519
519
878
8824
741
741
519
741
741
741
741
741
741
741
741
941
0
519
741
741
741
741
741
741
741
741
741
741
940
940
940
878
741
741
519
741
3339
519
741
741
741
741
741
741
741
741
741
741
741
741
741
741
741
741
741
941
0
519
519
519
519
519
519
519
519
741
741
741
741
741
741
0
741
741
741
741
741
741
741
878
741
741
741
741
941
741
941
741
741
741
741
741
741
741
278
741
878
878
878
741
741
741
741
741
741
741
741
741
741
0
741
741
741
741
741
741
741
741
741
741
1331
941
941
941
741
741
741
741
741
741
741
741
741
741
741
278
741
940
278
278
941
741
878
741
741
741
741
741
878
741
741
519
519
519
519
519
519
519
519
519
878
2637
878
741
741
741
741
741
741
741
741
741
741
741
741
741
741
741
741
741
741
741
741
878
741
741
741
741
741
741
741
741
741
741
4603
741
741
741
741
741
741
741
741
741
278
741
941
941
941
741
2637
878
741
741
741
741
741
741
741
741
741
878
8642
4576
1331
741
741
741
741
741
741
741
741
4603
741
741
941
941
941
941
750
941
2670
741
741
741
741
741
741
741
741
741
741
741
3263
878
741
4635
741
878
741
741
741
741
741
741
741
5217
1331
878
878
741
741
